Mean: [0.6040000000000001, 0.516, 0.47800000000000004, 0.47000000000000003, 0.4600000000000001, 0.466]
Std: [0.07668115805072324, 0.07700649323271386, 0.0834865258589672, 0.07968688725254616, 0.06164414002968977, 0.0723187389270582]
