Mean: [0.1284, 0.11279999999999997, 0.1146, 0.10099999999999998, 0.07759999999999997, 0.07839999999999998]
Std: [0.06628951651656544, 0.048730893691784474, 0.06193787209777229, 0.06609841147864295, 0.01946278500112456, 0.021419617176784443]
