Mean: [0.46399999999999997, 0.402, 0.4000000000000001, 0.376, 0.358, 0.33399999999999996]
Std: [0.051768716422179145, 0.023874672772626664, 0.028284271247461926, 0.028809720581775892, 0.02588435821108959, 0.04929503017546494]
