Mean: [0.11959999999999997, 0.10499999999999998, 0.08679999999999996, 0.07399999999999995, 0.07099999999999995, 0.06999999999999995]
Std: [0.06979828078111955, 0.05412023651093921, 0.025440125785852575, 0.008062257748298557, 0.007382411530116707, 0.008276472678623432]
