Mean: [0.46399999999999997, 0.43800000000000006, 0.42400000000000004, 0.41600000000000004, 0.396, 0.388]
Std: [0.051768716422179145, 0.01643167672515494, 0.030495901363953783, 0.028809720581775836, 0.03847076812334269, 0.03898717737923589]
