Mean: [0.541, 0.5149999999999999, 0.517, 0.5189999999999999, 0.525, 0.5189999999999999]
Std: [0.040527768258318914, 0.03984344362627307, 0.05215361924162118, 0.038955102361564936, 0.027156951228000544, 0.02484954727957832]
