Mean: [0.541, 0.388, 0.3390000000000001, 0.29800000000000004, 0.29100000000000004, 0.269]
Std: [0.040527768258318914, 0.027522717889045794, 0.037483329627982606, 0.04452527372178636, 0.05366563145999496, 0.029025850547399968]
