Mean: [0.46399999999999997, 0.4640000000000001, 0.43999999999999995, 0.43000000000000005, 0.43200000000000005, 0.42800000000000005]
Std: [0.051768716422179145, 0.04615192303685729, 0.015811388300841858, 0.012247448713915856, 0.016431676725154942, 0.01643167672515494]
