Mean: [0.541, 0.489, 0.46799999999999997, 0.45899999999999996, 0.45200000000000007, 0.45199999999999996]
Std: [0.040527768258318914, 0.056833088953531244, 0.07529940238806677, 0.08042076846188428, 0.08136338242723198, 0.07181573643707903]
