Mean: [0.1284, 0.1296, 0.12979999999999997, 0.12999999999999998, 0.13019999999999998, 0.13099999999999998]
Std: [0.06628951651656544, 0.06598711995533675, 0.0720950761148083, 0.07133372274037016, 0.0701548287717959, 0.06861486719363379]
