Mean: [0.11299999999999999, 0.12119999999999997, 0.12099999999999997, 0.11599999999999996, 0.12319999999999998, 0.12199999999999997]
Std: [0.08449556201363478, 0.07375093219749837, 0.06491147818375423, 0.06658453273846714, 0.049042838417041074, 0.050941142507800116]
