Mean: [0.231, 0.21600000000000003, 0.213, 0.20350000000000001, 0.20049999999999998, 0.202]
Std: [0.05224940191045253, 0.04375357128281076, 0.04597553697348186, 0.05039221169982518, 0.0522733201547405, 0.05188328247133173]
