Mean: [0.11299999999999999, 0.10999999999999999, 0.10579999999999998, 0.10879999999999997, 0.10839999999999998, 0.1042]
Std: [0.08449556201363478, 0.08062567829172045, 0.08026643133963288, 0.07663354356937961, 0.07812361998781162, 0.07886190461813611]
