Mean: [0.3705, 0.32700000000000007, 0.312, 0.30450000000000005, 0.3055, 0.303]
Std: [0.07540308349132681, 0.06787856804618084, 0.05982787811714535, 0.05233306793987909, 0.057101882630960596, 0.05298584716695581]
