Mean: [0.3035, 0.28900000000000003, 0.2895, 0.2815, 0.27949999999999997, 0.27399999999999997]
Std: [0.0858523441730044, 0.08697341547852422, 0.08410187274965998, 0.07651797174520508, 0.06794759009707407, 0.061912236270385196]
