Mean: [0.47400000000000003, 0.367, 0.33899999999999997, 0.32999999999999996, 0.312, 0.30700000000000005]
Std: [0.04144273157020419, 0.03213253802611929, 0.0354259791678367, 0.031024184114977114, 0.03492849839314594, 0.03801315561749641]
