Mean: [0.3705, 0.28600000000000003, 0.275, 0.27149999999999996, 0.269, 0.2675]
Std: [0.07540308349132681, 0.04435651023243375, 0.04585984081961037, 0.0418927201313068, 0.043610491856891524, 0.0500936622737847]
