Mean: [0.47400000000000003, 0.438, 0.42700000000000005, 0.40499999999999997, 0.40499999999999997, 0.3950000000000001]
Std: [0.04144273157020419, 0.0480364444979018, 0.05438290172471491, 0.06051859218455103, 0.07516648189186453, 0.0735696948478108]
