Mean: [0.536, 0.5440000000000002, 0.526, 0.518, 0.5080000000000001, 0.518]
Std: [0.052249401910452575, 0.07092249290598861, 0.08677557259966658, 0.06906518659932802, 0.06797058187186573, 0.058906705900092615]
