Mean: [0.5269999999999999, 0.472, 0.453, 0.446, 0.43699999999999994, 0.43500000000000005]
Std: [0.02307596151842863, 0.043243496620879306, 0.05392123885817164, 0.05683308895353128, 0.05529466520379701, 0.045276925690687066]
