Mean: [0.1284, 0.15139999999999998, 0.1356, 0.13299999999999998, 0.13179999999999997, 0.1316]
Std: [0.06628951651656544, 0.0781492162468697, 0.06719598202273706, 0.05988739433303139, 0.059679979892758014, 0.05919712830872795]
