Mean: [0.3035, 0.23700000000000002, 0.229, 0.2245, 0.2285, 0.22800000000000004]
Std: [0.0858523441730044, 0.015145131230860974, 0.02776013328498264, 0.020109077552190196, 0.034487316509116774, 0.03541715685935277]
