Mean: [0.536, 0.48, 0.46399999999999997, 0.458, 0.44200000000000006, 0.43600000000000005]
Std: [0.052249401910452575, 0.05147815070493502, 0.055045435778091525, 0.05540758070878026, 0.04969909455915669, 0.073348483283569]
