Mean: [0.11959999999999997, 0.11559999999999997, 0.11579999999999997, 0.10939999999999997, 0.11459999999999997, 0.12119999999999997]
Std: [0.06979828078111955, 0.06807202068397854, 0.06021793752695289, 0.05864128238706927, 0.05159263513332111, 0.05020159360020357]
