Mean: [0.5269999999999999, 0.513, 0.514, 0.51, 0.51, 0.495]
Std: [0.02307596151842863, 0.027064737205448705, 0.02945335295004628, 0.034460121880225555, 0.031024184114977135, 0.02738612787525833]
