Mean: [0.5269999999999999, 0.365, 0.313, 0.30399999999999994, 0.28500000000000003, 0.278]
Std: [0.02307596151842863, 0.033354160160315866, 0.035106979363083886, 0.04144273157020418, 0.03724916106437835, 0.03718198488515645]
