Mean: [0.6040000000000001, 0.458, 0.372, 0.34400000000000003, 0.30599999999999994, 0.29]
Std: [0.07668115805072324, 0.08467585252006621, 0.06260990336999413, 0.07300684899377594, 0.055946402922797456, 0.04472135954999579]
