Mean: [0.536, 0.404, 0.364, 0.326, 0.318, 0.31599999999999995]
Std: [0.052249401910452575, 0.06618156843109718, 0.045055521304275245, 0.04560701700396551, 0.05674504383644443, 0.043931765272977576]
