Mean: [0.231, 0.22549999999999998, 0.22349999999999998, 0.22249999999999998, 0.21949999999999997, 0.22149999999999997]
Std: [0.05224940191045253, 0.060632087214609415, 0.05746194392813388, 0.05422752990870967, 0.05295634994974636, 0.054244815420462104]
