Mean: [0.11959999999999997, 0.11739999999999999, 0.1152, 0.11459999999999997, 0.11479999999999997, 0.11439999999999997]
Std: [0.06979828078111955, 0.07535117782755622, 0.06857988043150848, 0.06654547317436403, 0.06802720044217608, 0.0702303353259829]
