Mean: [0.231, 0.21200000000000002, 0.20099999999999998, 0.20249999999999999, 0.2, 0.19999999999999998]
Std: [0.05224940191045253, 0.05127743168295386, 0.057949331316245606, 0.06194755846681936, 0.05709093623334617, 0.056263887174634486]
