Mean: [0.47400000000000003, 0.35000000000000003, 0.29900000000000004, 0.269, 0.24, 0.236]
Std: [0.04144273157020419, 0.026925824035672497, 0.030700162866017476, 0.031503968004046756, 0.026692695630078304, 0.023291629397704253]
