Mean: [0.3035, 0.2635, 0.2655, 0.258, 0.24900000000000003, 0.2595]
Std: [0.0858523441730044, 0.03855191305240245, 0.03974135126036859, 0.029916550603303175, 0.03342902930089359, 0.04188525993711869]
