Mean: [0.6040000000000001, 0.5820000000000001, 0.5740000000000001, 0.5660000000000001, 0.5599999999999999, 0.544]
Std: [0.07668115805072324, 0.06610597552415365, 0.05549774770204645, 0.06308724118235003, 0.06999999999999998, 0.06024948132556829]
