Mean: [0.11299999999999999, 0.09919999999999998, 0.09239999999999997, 0.07899999999999996, 0.07819999999999996, 0.07679999999999995]
Std: [0.08449556201363478, 0.0702723274127163, 0.039601767637316425, 0.01115795680221071, 0.009444575162494084, 0.008642916174532767]
