Mean: [0.3705, 0.2635, 0.24349999999999997, 0.23949999999999996, 0.23800000000000004, 0.23700000000000002]
Std: [0.07540308349132681, 0.02719145086235745, 0.02870104527713234, 0.03290136775272421, 0.041810584784238526, 0.04258814389005463]
