Mean: [0.8845101214574898, 0.773731400964978, 0.6441872074121029, 0.6329600078996741, 0.57509604107985, 0.5123436151684941]
Std: [0.12483899642595161, 0.2271652287205252, 0.1851153230269818, 0.18112810746406535, 0.1617015992061195, 0.20863963699008867]
