Mean: [0.8636283289699378, 0.7915571966234106, 0.623444940458523, 0.605780353537445, 0.5085649228406279, 0.5145185451703733]
Std: [0.07030103281431183, 0.13875141699529037, 0.09901459126532133, 0.09576799730973241, 0.10247689694953699, 0.051513904276753175]
