Mean: [0.12724019525739344, 0.14916561353896168, 0.1430012567003422, 0.13185881705537142, 0.11373500662062001, 0.1235761298704976]
Std: [0.08604449371084383, 0.0939308079696262, 0.11412310905941705, 0.11666155391335387, 0.07238825484045856, 0.0695710979603825]
