Mean: [0.12764450858961968, 0.16820102811734405, 0.1332560256629826, 0.1492421876522944, 0.11795385734107111, 0.11710873650198683]
Std: [0.05225102550856255, 0.11355149946929245, 0.12505234666971107, 0.14224713890634985, 0.06788222593680321, 0.0658006643311057]
