Mean: [0.45228948146764425, 0.3130644935319665, 0.2608779401920951, 0.22856466797245217, 0.1925764200417009, 0.20340411587976154]
Std: [0.11879926392962276, 0.1078472284912453, 0.06483983287331133, 0.1140362952125515, 0.09103838688209785, 0.10496372564764689]
