Mean: [0.4895889243153054, 0.4142585515171328, 0.3490608339029392, 0.23952946537466668, 0.17724852470632527, 0.18470304801762605]
Std: [0.07690246369232338, 0.17680282444919268, 0.12032290864325253, 0.1179512820556403, 0.0872177853839733, 0.0686652221911826]
