Mean: [0.1350985181552677, 0.15894848662769265, 0.15503489760512554, 0.16644308926158854, 0.10232107136145205, 0.10390062993337632]
Std: [0.1314428332202674, 0.1857928654239733, 0.20350131590820184, 0.22864866291723496, 0.09409555997850744, 0.07780078867715658]
