Mean: [0.43469378155533767, 0.22794546147978645, 0.19319922141243986, 0.19261852414497452, 0.1989236265895305, 0.16128365710059073]
Std: [0.1211578437471589, 0.018724227191608576, 0.042550492424307626, 0.04709752810853112, 0.04676094417333547, 0.04490391176536354]
