Mean: [0.9727640449438202, 0.8746596134749064, 0.7380431730126128, 0.5966429648450021, 0.5483201535468109, 0.5554843281140851]
Std: [0.03823343076255736, 0.10266340648154132, 0.134244809280895, 0.10397114802180885, 0.10408454777754517, 0.07687025742014571]
