Mean: [0.06034912802468713, 0.07923061165262109, 0.09828612132127165, 0.10872982231263999, 0.12557141756746348, 0.13246788148218297]
Std: [0.060840250905512046, 0.048835596298545794, 0.05505919273823923, 0.048148204728779564, 0.05120143178845543, 0.0389892845290565]
