Mean: [0.09120364093104408, 0.09057574849827361, 0.09170395362647873, 0.13579598593658854, 0.12442923886252437, 0.12567358800931255]
Std: [0.027048228654617843, 0.04469505675241671, 0.05270046599863067, 0.06504771435570318, 0.04541440333296135, 0.05229739555940551]
