Mean: [0.022373310738525, 0.04397213240282025, 0.0736295489585859, 0.09796763433757298, 0.11408944356283049, 0.11919048052537154]
Std: [0.03748001756627981, 0.024162944328264303, 0.03250661544364274, 0.04696986663817802, 0.04660217731869467, 0.047407838279910026]
