Mean: [0.10534390716887129, 0.1375574439907295, 0.1647296156736616, 0.18276517361165853, 0.1616621733121016, 0.1672644142084601]
Std: [0.04746949569951618, 0.05127067995558936, 0.058954777551176576, 0.05224525214324599, 0.033664451413101495, 0.05361569705110281]
