Mean: [0.09120364093104408, 0.1208207440574729, 0.13633293917942413, 0.14497869992274584, 0.1481383637882921, 0.15377831733068464]
Std: [0.027048228654617843, 0.03680474654211956, 0.028585952946514163, 0.027293824399032378, 0.022408606345344556, 0.021199697869181137]
