Mean: [0.04916968414285281, 0.08281805099326348, 0.09488130889830637, 0.10026648491228562, 0.11931316250955763, 0.11442857576346677]
Std: [0.03255768980074947, 0.05977230265435358, 0.04621852455062085, 0.048271614911759214, 0.05451685672872088, 0.05279917248486548]
