Mean: [0.04141201588265255, 0.03775479883230459, 0.03647277402228229, 0.04288442863605204, 0.046537224545244074, 0.04126266537626862]
Std: [0.04285094332851323, 0.04368098281371778, 0.043127440911029456, 0.04127785199261507, 0.03870749260617688, 0.04242747016850124]
