Mean: [0.03254033712708768, 0.02896600310692816, 0.020725570002873762, 0.023900297793552582, 0.03072301800084405, 0.030307074225943254]
Std: [0.014608186384922032, 0.017069511561107392, 0.01418095713105132, 0.016043029245637986, 0.020211558061001257, 0.019128185412918875]
