Mean: [0.10141092384420938, 0.12328961903710829, 0.15479037844030671, 0.1774423930923214, 0.19888777124358187, 0.21866799102380163]
Std: [0.03425443383917571, 0.05645582799959773, 0.029804256467331303, 0.04741983491973941, 0.060380538826156495, 0.08129208331405771]
