Mean: [0.06034912802468713, 0.09130056752672103, 0.1001898172863844, 0.1431948678840609, 0.1705185223964591, 0.1803128727384768]
Std: [0.060840250905512046, 0.05951513713374623, 0.06101538819622449, 0.08451687592827617, 0.07843154440831679, 0.07096078789854897]
