Mean: [0.026474492220317124, 0.02845787678522631, 0.030452397622784778, 0.034425920362435594, 0.03681340698678115, 0.03681752605296509]
Std: [0.04365220561163568, 0.043637071741777715, 0.04423652691280572, 0.043557994269303985, 0.044662148935008424, 0.046001405497238086]
