Mean: [0.10534390716887129, 0.12203988837561293, 0.14280179313751767, 0.13480179313751767, 0.14404614228430584, 0.13916809350381804]
Std: [0.04746949569951618, 0.06629796723411643, 0.055507703652536725, 0.05879745766211489, 0.06734130191158293, 0.06801349881876016]
