Mean: [0.8527133140488175, 0.6288992924001686, 0.5276198001253924, 0.46029261865562887, 0.4295760171744957, 0.4157215392050671]
Std: [0.08056334160423051, 0.055808108665334644, 0.02731730772565298, 0.04926493983379856, 0.05376385243262001, 0.05154840130290951]
