Mean: [0.731485400526641, 0.7208363854420015, 0.6982198802541851, 0.6798291962897899, 0.6732506076798043, 0.6541916998360787]
Std: [0.1016507370370685, 0.0975932717992046, 0.09067673386051969, 0.10523858346924123, 0.11728796271656579, 0.10713424078657924]
