Mean: [0.14384237284473095, 0.17067493050657898, 0.16766008758504836, 0.1879989236292216, 0.13356347037663294, 0.13460674082423135]
Std: [0.10912475473147502, 0.15655902486896214, 0.1716259116278919, 0.18932602156559486, 0.07304867337178485, 0.05606760260661017]
