Mean: [0.731485400526641, 0.5925998969893908, 0.5058867715054429, 0.44938108086591716, 0.4095677349295947, 0.4032352374971733]
Std: [0.1016507370370685, 0.060493479864895915, 0.03544867001838802, 0.03210787444850989, 0.04549528795583746, 0.05645407686159012]
