Mean: [0.6989567820688715, 0.5879706872352408, 0.4983037990114047, 0.45990860737118366, 0.4375489239841177, 0.42360119466839335]
Std: [0.12080888051330542, 0.10683090566914662, 0.0695985663840294, 0.06509375334466089, 0.09557088794489713, 0.10377289363670024]
