Mean: [0.4490445617957447, 0.4106955130041401, 0.37838642096805764, 0.3815907992270118, 0.3879651361440419, 0.359267776900261]
Std: [0.04571097238447114, 0.048370444139461385, 0.0614333711318851, 0.07914159777686822, 0.06986876651248777, 0.06101354135535341]
