Mean: [0.4490445617957447, 0.3205352554144076, 0.2573219099292379, 0.24453027396968308, 0.23342117278257177, 0.21514111258131557]
Std: [0.04571097238447114, 0.04827395481020611, 0.04051017476331459, 0.04874158430310944, 0.06616452021283718, 0.058364862609128876]
