Mean: [0.419366272475015, 0.2708596159813726, 0.2534330519131223, 0.22972167692996273, 0.21847824645950015, 0.19677309769564189]
Std: [0.09400309802932305, 0.05124532806591708, 0.048010200741306935, 0.04604572042125709, 0.0595015070482957, 0.04743555074436816]
