Mean: [0.6989567820688715, 0.6192559481569113, 0.5859457410003472, 0.520416847524136, 0.46969550239587843, 0.4376485967539729]
Std: [0.12080888051330542, 0.12984058081904865, 0.18088676827440092, 0.17140248886913043, 0.13853148005728427, 0.13884766432462498]
