Mean: [0.1211434498172391, 0.15511095863688143, 0.15282563299609203, 0.14184904420904745, 0.12099173618535766, 0.11707274102306094]
Std: [0.09807966314070915, 0.08671482421654575, 0.10585361798592824, 0.10645351646986766, 0.054745474059450204, 0.05760519903435462]
