Mean: [0.14665404515325026, 0.1856898546705125, 0.15099102592350314, 0.17726017902698066, 0.13895667855388924, 0.14382915273661873]
Std: [0.05055037472652129, 0.12752080461904744, 0.10703460620815733, 0.12352734963027234, 0.04308910304008773, 0.04251486440562667]
