Mean: [0.495051861892202, 0.39399758045230715, 0.3413897495570647, 0.2836732949707079, 0.23444455972307576, 0.21696744365029072]
Std: [0.06482025552823642, 0.06711607234505529, 0.08753966999824948, 0.06685389060154384, 0.049756373319748894, 0.041369633003204544]
