Mean: [0.29400000000000004, 0.28, 0.274, 0.27, 0.27799999999999997, 0.26]
Std: [0.04393176527297759, 0.05522680508593631, 0.0642650760522385, 0.07176350047203664, 0.07190271204899022, 0.06595452979136458]
