Mean: [0.087, 0.10759999999999996, 0.09120000000000002, 0.10639999999999997, 0.08839999999999999, 0.09079999999999996]
Std: [0.027802877548915684, 0.059848141157432796, 0.05083010918737043, 0.05628765406374652, 0.023891421054428708, 0.02428373941550191]
