Mean: [0.51, 0.388, 0.33999999999999997, 0.311, 0.3, 0.29400000000000004]
Std: [0.03482097069296033, 0.031741140496207784, 0.017677669529663705, 0.04277849927241486, 0.045414755311462364, 0.048270073544588676]
