Mean: [0.437, 0.38, 0.335, 0.316, 0.30999999999999994, 0.30500000000000005]
Std: [0.057619441163551735, 0.06274950199005566, 0.03952847075210474, 0.040373258476372686, 0.05667892024377317, 0.05820223363411409]
