Mean: [0.29400000000000004, 0.238, 0.21399999999999997, 0.21399999999999997, 0.19999999999999998, 0.192]
Std: [0.04393176527297759, 0.053103672189407036, 0.02190890230020662, 0.021908902300206666, 0.03605551275463988, 0.043817804600413277]
