Mean: [0.449, 0.382, 0.33599999999999997, 0.305, 0.29000000000000004, 0.284]
Std: [0.041743262929483604, 0.02018662923818637, 0.017102631376487043, 0.02371708245126282, 0.047434164902525694, 0.05152669211195301]
