Mean: [0.09300000000000001, 0.1046, 0.1026, 0.11600000000000002, 0.0904, 0.08839999999999999]
Std: [0.05278257288158659, 0.07424486514231134, 0.08039154184365416, 0.08702585822616173, 0.03338862081608044, 0.028307242889409057]
