Mean: [0.437, 0.404, 0.389, 0.368, 0.349, 0.33399999999999996]
Std: [0.057619441163551735, 0.07402702209328699, 0.09749358953285081, 0.08318653737234169, 0.072405110316883, 0.07048049375536469]
