Mean: [0.274, 0.20600000000000002, 0.2, 0.18999999999999997, 0.186, 0.17600000000000002]
Std: [0.07231873892705816, 0.03781534080237806, 0.028284271247461877, 0.021213203435596406, 0.029664793948382628, 0.02509980079602225]
