Mean: [0.449, 0.446, 0.43499999999999994, 0.43, 0.42799999999999994, 0.426]
Std: [0.041743262929483604, 0.038307962618755895, 0.036055512754639876, 0.04472135954999579, 0.056524331044250316, 0.04546977017755863]
