Mean: [0.07660000000000003, 0.09180000000000002, 0.08680000000000002, 0.083, 0.076, 0.0738]
Std: [0.04525262423329721, 0.03789063208762818, 0.05177547682059528, 0.05008991914547277, 0.025563646062328402, 0.026901672810440588]
