Mean: [0.31999999999999995, 0.27199999999999996, 0.25600000000000006, 0.23399999999999999, 0.21799999999999997, 0.21600000000000003]
Std: [0.06284902544988268, 0.052630789467763076, 0.05549774770204644, 0.04159326868617084, 0.037013511046643494, 0.043931765272977596]
