Mean: [0.16405610836969672, 0.18987375926614125, 0.18528200277356724, 0.20275205774956398, 0.14192535525017652, 0.1394452814492972]
Std: [0.11815648726079603, 0.17146286036203484, 0.186015536229589, 0.20850357056677327, 0.07312758260820926, 0.055825313862900974]
