Mean: [0.8998947368421053, 0.805573883161512, 0.6811578947368421, 0.6583508771929825, 0.624578947368421, 0.5829122807017544]
Std: [0.10118658504122632, 0.20528836639245293, 0.16121401920332026, 0.1476458124503827, 0.14257193245832073, 0.1727179996030763]
