Mean: [0.16238619747794986, 0.20725594248077997, 0.16409446578618078, 0.19172992971533462, 0.14718563088459222, 0.15590532521739373]
Std: [0.05663744767153332, 0.137993235336422, 0.11689700835454445, 0.13548134412480106, 0.04338429905808985, 0.04078780585919622]
