Mean: [0.14560939608256618, 0.16570669508982433, 0.15835340647669213, 0.1504442764163993, 0.13996445529018509, 0.14824652580781447]
Std: [0.08772735460292976, 0.0912243507566886, 0.10955087041036396, 0.10804549884235636, 0.06210179039318693, 0.05716794026269642]
