Mean: [0.5255530129672007, 0.3687907657342112, 0.3221586056237903, 0.320281516115218, 0.27722951270515833, 0.26788472215736026]
Std: [0.09957774093150654, 0.06669684842925716, 0.05436262406689112, 0.07096063297545013, 0.061176288961253815, 0.05699918517924409]
