Mean: [0.49455886092041706, 0.29977879481311975, 0.2871675565725909, 0.2790574475404196, 0.2861530638189677, 0.26451309433002795]
Std: [0.13124689871815257, 0.03317453495191918, 0.050652410523237344, 0.04912434510440871, 0.042224526045131855, 0.031204064624170507]
