Mean: [0.9740224719101123, 0.8505614035087719, 0.7057368421052631, 0.6368771929824562, 0.6299649122807016, 0.6107719298245614]
Std: [0.03970399248584131, 0.10926607831114975, 0.04917023086757198, 0.08975395988404138, 0.05581338448212898, 0.0958358604990165]
