Mean: [0.5387317814581626, 0.49454426580284705, 0.4403941672362725, 0.35592162223741175, 0.3115508021390374, 0.3241813088871912]
Std: [0.07139566742966702, 0.12499610008116577, 0.11582459136183552, 0.08253366347826342, 0.03754765613500506, 0.06757332069223553]
