Mean: [0.8719473684210527, 0.830842105263158, 0.6724035087719299, 0.6724035087719298, 0.5755789473684212, 0.5715263157894738]
Std: [0.07129750957970689, 0.1145524801070519, 0.07982387699725878, 0.0680862704791678, 0.10163276533903126, 0.07718479821047819]
